 1 14.5  31.25 27   0.5
 2 14.5  30     1   2
 3  0.75 16     0.5 31
 4 28.25 16     0.5 31
 5 14.5   0.75 27   0.5
 6  4.5  28     3   2
 7 24.5  28     3   2
 8 10    28     4   2
 9 19    28     4   2
10  4.5  24.5   3   1
11 24.5  24.5   3   1
12 14.5  24.5   7   1
13 14.5  24     1   6
14  8.5  23     1   4
15 20.5  23     1   4
16 10.5  21.5   3   1
17 18.5  21.5   3   1
18  2    21.5   2   1
19 27    21.5   2   1
20  4.5  18.5   3   1
21 24.5  18.5   3   1
22  4.5  15.5   3   1
23 24.5  15.5   3   1
24  2    12.5   2   1
25 27    12.5   2   1
26  5.5  20.5   1   3
27 23.5  20.5   1   3
28  5.5  13.5   1   3
29 23.5  13.5   1   3
30  8.5  15.5   1   7
31 20.5  15.5   1   7
32 11.25 17     0.5 4
33 17.75 17     0.5 4
34 14.5  18.75  6   0.5
35 14.5  15.25  6   0.5
36 14.5  12.5   7   1
37 10     9.5   4   1
38 19     9.5   4   1
39  2     6.5   2   1
40 27     6.5   2   1
41  4.5   9.5   3   1
42 24.5   9.5   3   1
43  5.5   7.5   1   3
44 23.5   7.5   1   3
45  4.5   3.5   3   1
46 24.5   3.5   3   1
47  8.5   5     1   4
48 20.5   5     1   4
49 14.5   6.5   1   7
50 14.5   6.5   7   1
51 10.5   3.5   3   1
52 18.5   3.5   3   1
--------------------------
blinky_waypoints
 0 15 20
 1 10 20
 2 10 14
 3 19 14
 4 19 11
 5 16 11
 6 16  8
 7 19  8
 8 19  5
 9 16  5
10 16  2
11 22  2
12 22 11
13 25 11
14 25 14
15 27 14
16 27 20
17 25 20
18 25 23
19 27 23
20 27 26
21 16 26
22 16 30
23 22 30
24 22 20
--------------------------
Clyde_Waypoint
 0 14 20
 1 13 20
 2 13 23
 3 10 23
 4 10 26
 5 13 26
 6 13 30
 7  7 30
 8  7 26
 9  2 26
10  2 30
11  7 30
12  7 26
13 13 26
14 13 28
15 16 28
16 16 26
17 22 26
18 22 20
19  7 20
20  7 11
21  2 11
22  2  8
23  4  8
24  4  5
25  7  5
26  7  8
27 13  8
28 13 11
29 10 11
30 10 14
31 19 14
32 19 20
--------------------------
inky_waypoints
 0 16 20
 1 19 20
 2 19 11
 3 27 11
 4  7 11
 5  7  5
 6  7  2
 7  2  2
 8  2  5
 9  7  4
10  7  2
11 13  2
12 13  5
13 10  5
14 10  8
15 13  8
16 13 11
17  4 11
18  4 14
19  2 14
20  2 20
21  4 20
22  4 23
23  7 23
24  7 17
25  2 17
26  7 17
27  7 26
28 10 26
29 10 23
30 13 23
31 13 20
--------------------------
pinky
 16 17

pinky_waypoints
 0 13 20
 1 13 23
 2 10 23
 3 10 26
 4 13 26
 5 13 28
 6 16 28
 7 16 30
 8 22 30
 9 22 26
10 16 26
11 27 26
12 27 30
13 27 23
14 22 23
15 22 11
16 16 11
17 16  8
18 22  8
19 22  2
20 22  5
21 27  5
22 27  2
23 13  2
24 13  5
25 10  5
26 10  8
27 13  8
28 13 11
29  7 11
30  7 20
Speed 0.18
--------------------------
pacdot
 1  2 30
 2  3 30
 3  4 30
 4  5 30
 5  6 30
 6  7 30
 7  8 30
 8  9 30
 9 10 30
10 11 30
11 12 30
12 13 30
13 16 30
14 17 30
15 18 30
16 19 30
17 20 30
18 21 30
19 22 30
20 23 30
21 24 30
22 25 30
23 26 30
24 27 30
25 27 29
26 22 29
27 16 29
28 13 29
29  7 29
30  2 29
31  2 28
32  7 28
33 13 28
34 14 28
35 15 28
36 16 28
37 22 28
38 27 28
39 27 27
40 22 27
41 16 27
42 13 27
43  7 27
44  2 27
45  2 26
46  3 26
47  4 26
48  5 26
49  6 26
50  7 26
51  8 26
52  9 26
53 10 26
54 11 26
55 12 26
56 13 26
57 16 26
58 17 26
59 18 26
60 19 26
61 20 26
62 21 26
63 22 26
64 23 26
65 24 26
66 25 26
67 26 26
68 27 26
69 27 25
70 22 25
71 19 25
72 10 25
73  7 25
74  2 25
75  2 24
76  7 24
77 10 24
78 19 24
79 22 24
80 27 24
81 27 23
82 26 23
83 25 23
84 24 23
85 23 23
86 22 23
87 19 23
88 18 23
89 17 23
90 16 23
91 13 23
92 12 23
93 11 23
94 10 23
95  7 23
96  4 23
97  3 23
98  2 23
99  4 22
100 7 22
101 13 22
102 16 22
103 22 22
104 25 22
105 25 21
106 22 21
107 16 21
108 13 21
109  7 21
110  4 21
111  2 20
112  3 20
113  4 20
114  7 20
115  8 20
116  9 20
117 10 20
118 11 20
119 12 20
120 13 20
121 14 20
122 15 20
123 16 20
124 17 20
125 18 20
126 19 20
127 20 20
128 21 20
129 22 20
130 25 20
131 26 20
132 27 20
133 27 19
134 22 19
135 19 19
136 10 19
137  7 19
138  2 19
139  2 18
140  7 18
141 10 18
142 19 18
143 22 18
144 27 18
145 27 17
146 26 17
147 25 17
148 24 17
149 23 17
150 22 17
151 19 17
152 10 17
153  7 17
154  6 17
155  5 17
156  4 17
157  3 17
158  2 17
159  2 16
160  7 16
161 10 16
162 19 16
163 22 16
164 27 16
165 27 15
166 22 15
167 19 15
168 10 15
169  7 15
170  2 15
171  2 14
172  3 14
173  4 14
174  7 14
175 10 14
176 11 14
177 12 14
178 13 14
179 14 14
180 15 14
181 16 14
182 17 14
183 18 14
184 19 14
185 22 14
186 25 14
187 26 14
188 27 14
189 25 13
190 22 13
191 19 13
192 10 13
193  7 13
194  4 13
195  4 12
196  7 12
197 10 12
198 19 12
199 22 12
200 25 12
201 27 11
202 26 11
203 25 11
204 24 11
205 23 11
206 22 11
207 21 11
208 20 11
209 19 11
210 18 11
211 17 11
212 16 11
213 15 11
214 14 11
215 13 11
216 12 11
217 11 11
218 10 11
219  9 11
220  8 11
221  7 11
222  6 11
223  5 11
224  4 11
225  3 11
226  2 11
227  2 10
228  7 10
229 13 10
230 16 10
231 22 10
232 27 10
233 27  9
234 22  9
235 16  9
236 13  9
237  7  9
238  2  9
239  2  8
240  3  8
241  4  8
242  7  8
243  8  8
244  9  8
245 10  8
246 11  8
247 12  8
248 13  8
249 16  8
250 17  8
251 18  8
252 19  8
253 20  8
254 21  8
255 22  8
256 25  8
257 26  8
258 27  8
259 25  7
260 22  7
261 19  7
262 10  7
263  7  7
264  4  7
265  4  7
266  7  7
267 10  7
268 19  6
269 22  6
270 25  6
271 27  5
272 26  5
273 25  5
274 24  5
275 23  5
276 22  5
277 19  5
278 18  5
279 17  5
280 16  5
281 13  5
282 12  5
283 11  5
284 10  5
285  7  5
286  6  5
287  5  5
288  4  5
289  3  5
290  2  5
291  2  4
292  7  4
293 13  4
294 16  4
295 22  4
296 27  4
297 27  3
298 22  3
299 16  3
300 13  3
301 7  3
302 2  3
303 2  2
304 3  2
305 4  2
306 5  2
307 6  2
308 7  2
309 8  2
310 9  2
311 10  2
312 11  2
313 12  2
314 13  2
315 14  2
316 15  2
317 16  2
318 17  2
319 18  2
320 19  2
321 20  2
322 21  2
323 22  2
324 23  2
325 24  2
326 25  2
327 26  2
328 27  2
329 6 23
330 5 23

















 























 






















 










 








































































 








    




















 





















 























 
















 


 





 
















 



 





 












 










 


 



 






 


 













 























 




  
 
 
